Angle	
152.70	
152.48	
152.25	
152.03	
151.90	
151.87	
151.95	
152.15	
152.18	
152.35	
152.47	
152.54	
152.55	
152.67	
152.62	
152.61	
152.66	
152.73	
152.83	
152.98	
153.09	
153.21	
153.30	
153.35	
153.40	
153.43	
153.48	
153.54	
153.66	
153.84	
154.02	
154.24	
154.47	
154.69	
154.89	
155.08	
155.26	
155.44	
155.61	
155.84	
156.21	
156.47	
156.75	
157.02	
156.98	
157.32	
157.47	
157.59	
157.67	
157.70	
157.88	
158.04	
158.21	
158.38	
158.52	
158.61	
158.72	
158.64	
158.52	
158.34	
158.15	
157.96	
157.78	
157.59	
157.38	
157.18	
156.94	
156.68	
156.37	
156.04	
155.68	
155.30	
154.88	
154.49	
154.10	
153.77	
153.46	
153.19	
152.94	
152.73	
152.52	
152.33	
152.15	
152.00	
151.88	
151.80	
151.79	
151.84	
151.94	
152.07	
152.21	
152.33	
152.43	
152.49	
152.51	
152.52	
152.49	
152.46	
152.44	
152.43	
152.44	
152.48	
152.54	
152.61	
152.67	
152.73	
152.75	
152.74	
152.69	
152.62	
152.54	
152.44	
152.36	
152.28	
152.22	
152.26	
152.13	
152.10	
152.09	
152.25	
152.01	
152.00	
151.92	
151.74	
151.80	
151.70	
151.35	
151.14	
150.88	
150.59	
150.27	
149.91	
149.44	
148.91	
148.27	
147.54	
146.75	
145.91	
145.11	
144.33	
143.62	
142.99	
142.43	
141.95	
141.56	
141.23	
141.00	
140.86	
140.86	
140.94	
141.07	
141.24	
141.46	
141.66	
141.89	
142.14	
142.40	
142.69	
142.98	
143.30	
143.60	
143.94	
144.29	
144.62	
144.95	
145.28	
145.54	
145.82	
146.07	
146.30	
146.54	
146.76	
146.97	
147.14	
147.29	
147.40	
147.43	
147.37	
147.24	
147.06	
146.83	
146.56	
146.28	
146.04	
145.81	
145.63	
145.49	
145.37	
145.29	
145.22	
145.15	
145.10	
145.03	
144.96	
144.91	
144.85	
144.84	
144.83	
144.80	
144.79	
144.77	
144.73	
144.71	
144.67	
144.65	
144.62	
144.62	
144.63	
144.64	
144.66	
144.66	
144.67	
144.66	
144.62	
144.58	
144.52	
144.43	
144.35	
144.28	
144.25	
144.23	
144.25	
144.28	
144.35	
144.42	
144.48	
144.54	
144.57	
144.60	
144.63	
144.67	
144.70	
144.74	
144.81	
144.91	
145.03	
145.17	
145.32	
145.48	
145.62	
145.76	
145.84	
145.92	
145.98	
146.02	
146.05	
146.10	
146.14	
146.19	
146.24	
146.27	
146.28	
146.28	
146.21	
146.13	
146.01	
145.85	
145.67	
145.52	
145.35	
145.20	
145.07	
144.94	
144.82	
144.69	
144.59	
144.48	
144.40	
144.31	
144.24	
144.20	
144.16	
144.16	
144.16	
144.18	
144.17	
144.13	
144.08	
144.01	
143.92	
143.82	
143.69	
143.57	
143.46	
143.37	
143.30	
143.27	
143.24	
143.24	
143.24	
143.24	
143.23	
143.21	
143.18	
143.12	
143.06	
143.00	
142.97	
142.96	
142.96	
143.00	
143.06	
143.16	
143.26	
143.36	
143.45	
143.54	
143.59	
143.64	
143.65	
143.66	
143.66	
143.64	
143.59	
143.53	
143.46	
143.38	
143.29	
143.22	
143.15	
143.11	
143.09	
143.10	
143.13	
143.20	
143.27	
143.36	
143.45	
143.55	
143.64	
143.71	
143.79	
143.89	
143.99	
144.08	
144.19	
144.28	
144.36	
144.43	
144.48	
144.48	
144.47	
144.43	
144.38	
144.32	
144.25	
144.21	
144.17	
144.15	
144.12	
144.08	
144.05	
144.01	
143.97	
143.93	
143.89	
143.83	
143.80	
143.78	
143.76	
143.78	
143.80	
143.82	
143.85	
143.84	
143.82	
143.78	
143.76	
143.76	
143.77	
143.81	
143.85	
143.89	
143.90	
143.92	
143.93	
143.93	
143.94	
143.95	
143.98	
144.03	
144.11	
144.23	
144.33	
144.46	
144.60	
144.78	
145.05	
145.46	
146.03	
146.65	
147.29	
147.88	
148.40	
148.87	
149.32	
149.76	
150.21	
150.72	
151.25	
151.80	
152.35	
152.86	
153.37	
153.86	
154.36	
154.89	
155.48	
156.11	
156.76	
157.43	
158.09	
158.69	
159.25	
159.74	
160.19	
160.64	
161.10	
161.60	
162.17	
162.76	
163.36	
163.94	
164.48	
164.98	
165.43	
165.85	
166.23	
166.64	
167.07	
167.51	
167.93	
168.37	
168.79	
169.18	
169.53	
169.85	
170.16	
170.42	
170.69	
170.93	
171.12	
171.30	
171.42	
171.54	
171.62	
171.71	
171.75	
171.81	
171.87	
171.95	
171.98	
171.99	
172.02	
172.03	
172.01	
171.99	
171.97	
172.00	
172.02	
172.02	
172.02	
171.99	
171.94	
171.83	
171.71	
171.56	
171.38	
171.19	
171.00	
170.84	
170.70	
170.58	
170.48	
170.38	
170.29	
170.18	
170.08	
169.97	
169.86	
169.69	
169.57	
169.43	
169.33	
169.25	
169.18	
169.15	
169.08	
169.02	
168.92	
168.81	
168.72	
168.65	
168.58	
168.55	
168.56	
168.62	
168.66	
168.69	
168.70	
168.66	
168.57	
168.46	
168.33	
168.20	
168.07	
167.97	
167.85	
167.75	
167.63	
167.50	
167.35	
167.21	
167.02	
166.85	
166.72	
166.60	
166.52	
166.46	
166.42	
166.44	
166.47	
166.52	
166.59	
166.65	
166.68	
166.70	
166.68	
166.66	
166.65	
166.65	
166.65	
166.65	
166.65	
166.66	
166.65	
166.58	
166.49	
166.37	
166.23	
166.10	
165.94	
165.80	
165.74	
165.69	
165.73	
165.81	
165.90	
166.02	
166.11	
166.18	
166.20	
166.19	
166.15	
166.10	
166.08	
166.06	
166.09	
166.14	
166.20	
166.25	
166.29	
166.31	
166.28	
166.26	
166.22	
166.18	
166.20	
166.22	
166.26	
166.32	
166.39	
166.46	
166.51	
166.54	
166.56	
166.54	
166.51	
166.52	
166.49	
166.48	
166.48	
166.48	
166.46	
166.44	
166.40	
166.34	
166.29	
166.23	
166.20	
166.21	
166.22	
166.26	
166.29	
166.35	
166.38	
166.39	
166.38	
166.36	
166.35	
166.34	
166.34	
166.33	
166.35	
166.36	
166.38	
166.41	
166.42	
166.43	
166.43	
166.42	
166.41	
166.40	
166.40	
166.40	
166.41	
166.41	
166.42	
166.42	
166.45	
166.48	
166.53	
166.58	
166.65	
166.71	
166.77	
166.82	
166.86	
166.89	
166.95	
166.99	
167.06	
167.14	
167.24	
167.34	
167.43	
167.56	
167.69	
167.84	
168.03	
168.25	
168.48	
168.72	
168.96	
169.19	
169.39	
169.58	
169.78	
169.97	
170.17	
170.37	
170.56	
170.77	
170.95	
171.10	
171.20	
171.28	
171.34	
171.38	
171.41	
171.44	
171.47	
171.49	
171.49	
171.50	
171.50	
171.49	
171.50	
171.50	
171.49	
171.50	
171.50	
171.50	
171.48	
171.44	
171.40	
171.33	
171.26	
171.19	
171.13	
171.06	
171.01	
170.94	
170.87	
170.82	
170.75	
170.72	
170.69	
170.69	
170.72	
170.76	
170.80	
170.82	
170.82	
170.81	
170.80	
170.77	
170.75	
170.75	
170.77	
170.79	
170.83	
170.89	
170.92	
170.94	
170.98	
170.98	
170.98	
171.01	
171.06	
171.15	
171.25	
171.36	
171.48	
171.57	
171.65	
171.70	
171.74	
171.76	
171.75	
171.72	
171.65	
171.52	
171.35	
171.18	
170.97	
170.78	
170.60	
170.49	
170.44	
170.44	
170.49	
170.58	
170.67	
170.79	
170.87	
170.91	
170.91	
170.88	
170.85	
170.80	
170.76	
170.72	
170.70	
170.67	
170.61	
170.59	
170.55	
170.53	
170.48	
170.44	
170.39	
170.35	
170.29	
170.25	
170.20	
170.17	
170.16	
170.18	
170.20	
170.22	
170.27	
170.30	
170.34	
170.35	
170.33	
170.30	
170.26	
170.21	
170.15	
170.11	
170.07	
170.07	
170.05	
170.04	
170.01	
169.97	
169.94	
169.90	
169.88	
169.89	
169.89	
169.91	
169.96	
169.98	
170.00	
170.01	
170.01	
169.99	
169.97	
169.95	
169.95	
169.95	
169.94	
169.94	
169.95	
169.94	
169.94	
169.93	
169.94	
169.93	
169.93	
169.92	
169.90	
169.88	
169.86	
169.85	
169.81	
169.79	
169.79	
169.79	
169.81	
169.82	
169.82	
169.84	
169.84	
169.86	
169.82	
169.82	
169.80	
169.77	
169.77	
169.77	
169.77	
169.79	
169.79	
169.79	
169.80	
169.80	
169.80	
169.80	
169.80	
169.78	
169.78	
169.76	
169.75	
169.74	
169.73	
169.74	
169.74	
169.76	
169.75	
169.72	
169.69	
169.68	
169.63	
169.62	
169.60	
169.60	
169.62	
169.65	
169.68	
169.71	
169.73	
169.73	
169.72	
169.71	
169.65	
169.64	
169.64	
169.64	
169.66	
169.69	
169.71	
169.72	
169.73	
169.72	
169.73	
169.70	
169.68	
169.68	
169.66	
169.64	
169.62	
169.61	
169.60	
169.59	
169.60	
169.59	
169.63	
169.64	
169.66	
169.69	
169.69	
169.69	
169.68	
169.66	
169.63	
169.60	
169.56	
169.52	
169.50	
169.49	
169.48	
169.47	
169.47	
169.48	
169.49	
169.50	
169.54	
169.51	
169.52	
169.51	
169.52	
169.54	
169.52	
169.53	
169.53	
169.54	
169.54	
169.53	
169.53	
169.52	
169.51	
169.49	
169.48	
169.48	
169.47	
169.49	
169.50	
169.50	
169.49	
169.46	
169.42	
169.38	
169.32	
169.30	
169.26	
169.24	
169.24	
169.24	
169.22	
169.26	
169.24	
169.25	
169.27	
169.28	
169.31	
169.32	
169.32	
169.34	
169.34	
169.33	
169.30	
169.27	
169.24	
169.22	
169.20	
169.20	
169.23	
169.25	
169.27	
169.28	
169.29	
169.32	
169.30	
169.30	
169.30	
169.32	
169.32	
169.33	
169.35	
169.34	
169.34	
169.35	
169.31	
169.31	
169.30	
169.32	
169.30	
169.33	
169.32	
169.34	
169.34	
169.38	
169.34	
169.34	
169.32	
169.30	
169.27	
169.26	
169.25	
169.25	
169.26	
169.27	
169.27	
169.27	
169.27	
169.27	
169.26	
169.27	
169.28	
169.29	
169.31	
169.33	
169.33	
169.33	
169.32	
169.32	
169.30	
169.26	
169.24	
169.22	
169.21	
169.21	
169.21	
169.23	
169.25	
169.28	
169.29	
169.29	
169.28	
169.27	
169.25	
169.25	
169.24	
169.25	
169.25	
169.25	
169.25	
169.24	
169.22	
169.20	
169.17	
169.14	
169.11	
169.10	
169.11	
169.13	
169.17	
169.22	
169.28	
169.32	
169.36	
169.40	
169.41	
169.41	
169.41	
169.42	
169.43	
169.42	
169.44	
169.44	
169.45	
169.43	
169.42	
169.41	
169.39	
169.37	
169.34	
169.32	
169.28	
169.26	
169.23	
169.18	
169.15	
169.10	
169.06	
169.04	
169.03	
169.05	
169.09	
169.14	
169.20	
169.25	
169.28	
169.29	
169.29	
169.28	
169.25	
169.23	
169.23	
169.22	
169.23	
169.25	
169.28	
169.30	
169.30	
169.29	
169.27	
169.23	
169.23	
169.21	
169.22	
169.25	
169.29	
169.33	
169.36	
169.36	
169.34	
169.31	
169.30	
169.29	
169.29	
169.31	
169.33	
169.34	
169.35	
169.35	
169.34	
169.35	
169.36	
169.37	
169.39	
169.42	
169.43	
169.44	
169.43	
169.42	
169.39	
169.34	
169.31	
169.28	
169.24	
169.21	
169.21	
169.21	
169.22	
169.24	
169.26	
169.26	
169.25	
169.26	
169.24	
169.24	
169.23	
169.24	
169.22	
169.22	
169.21	
169.20	
169.19	
169.19	
169.19	
169.20	
169.22	
169.25	
169.26	
169.25	
169.24	
169.23	
169.22	
169.20	
169.19	
169.16	
169.14	
169.13	
169.11	
169.09	
169.08	
169.07	
169.06	
169.04	
169.03	
169.03	
169.02	
169.03	
169.04	
169.05	
169.05	
169.07	
169.08	
169.09	
169.10	
169.11	
169.11	
169.12	
169.12	
169.12	
169.13	
169.13	
169.14	
169.15	
169.17	
169.19	
169.22	
169.23	
169.28	
169.28	
169.27	
169.20	
169.16	
169.10	
169.04	
168.98	
168.96	
168.94	
168.94	
168.98	
169.00	
169.03	
169.05	
169.07	
169.08	
169.10	
169.11	
169.11	
169.10	
169.10	
169.08	
169.08	
169.08	
169.08	
169.11	
169.12	
169.13	
169.14	
169.14	
169.13	
169.12	
169.09	
169.06	
169.04	
169.02	
169.00	
169.00	
169.00	
168.98	
168.99	
168.99	
169.00	
169.00	
169.02	
169.02	
169.03	
169.03	
169.04	
169.06	
169.04	
169.03	
169.03	
169.01	
169.02	
169.01	
169.00	
169.01	
169.00	
168.99	
169.00	
169.01	
169.03	
169.05	
169.06	
169.04	
169.03	
168.99	
168.98	
168.95	
168.92	
168.94	
168.94	
168.95	
168.96	
168.98	
169.03	
169.03	
169.04	
169.04	
169.04	
169.03	
169.03	
169.03	
169.03	
169.01	
168.99	
168.97	
168.95	
168.93	
168.93	
168.92	
168.93	
168.96	
168.97	
169.02	
169.00	
169.01	
169.03	
168.96	
168.94	
168.92	
168.95	
168.97	
168.96	
169.03	
169.01	
169.03	
169.04	
169.04	
169.03	
169.03	
169.02	
169.01	
169.00	
169.00	
168.99	
169.00	
169.01	
169.02	
169.03	
169.03	
169.02	
169.05	
169.02	
169.07	
169.09	
169.08	
169.11	
169.18	
169.14	
169.19	
169.19	
169.17	
169.09	
169.11	
169.04	
169.02	
169.00	
169.00	
169.06	
169.06	
169.02	
169.04	
169.07	
169.13	
169.09	
169.14	
169.12	
169.12	
169.13	
169.16	
169.15	
169.16	
169.14	
169.14	
169.11	
169.09	
169.10	
169.10	
169.12	
169.14	
169.16	
169.17	
169.18	
169.16	
169.16	
169.14	
169.12	
169.10	
169.09	
169.09	
169.08	
169.11	
169.11	
169.12	
169.16	
169.17	
169.18	
169.19	
169.20	
169.21	
169.21	
169.20	
169.18	
169.17	
169.15	
169.12	
169.12	
169.10	
169.10	
169.10	
169.13	
169.11	
169.11	
169.09	
169.04	
169.02	
169.02	
169.00	
168.99	
169.00	
169.01	
169.01	
169.02	
169.06	
169.08	
169.11	
169.12	
169.13	
169.14	
169.14	
169.13	
169.14	
169.11	
169.10	
169.08	
169.07	
169.05	
169.05	
169.04	
169.03	
169.03	
169.06	
169.07	
169.06	
169.09	
169.10	
169.12	
169.13	
169.14	
169.14	
169.16	
169.10	
169.09	
169.07	
169.07	
169.06	
169.06	
169.04	
169.04	
169.04	
169.03	
169.02	
169.02	
169.03	
169.05	
169.07	
169.10	
169.12	
169.14	
169.14	
169.13	
169.10	
169.08	
169.06	
169.07	
169.03	
169.01	
169.00	
168.99	
169.02	
169.03	
169.05	
169.07	
169.09	
169.06	
169.06	
169.03	
169.00	
168.95	
168.92	
168.93	
168.94	
168.93	
168.94	
168.98	
169.02	
169.06	
169.08	
169.12	
169.12	
169.14	
169.13	
169.10	
169.08	
169.04	
169.03	
169.01	
169.00	
168.99	
168.98	
168.98	
168.98	
168.98	
168.98	
169.00	
169.00	
169.02	
169.04	
169.06	
169.06	
169.05	
169.06	
169.04	
169.02	
169.03	
169.03	
169.05	
169.03	
169.03	
169.02	
169.04	
169.00	
168.99	
168.97	
168.93	
168.93	
168.92	
168.90	
168.92	
168.92	
168.93	
168.96	
168.94	
168.97	
168.99	
168.99	
169.02	
169.04	
169.06	
169.09	
169.06	
169.07	
169.05	
169.04	
169.02	
169.03	
168.99	
168.97	
168.97	
168.95	
168.94	
168.93	
168.92	
168.91	
168.91	
168.91	
168.91	
168.92	
168.92	
168.94	
168.93	
168.94	
168.92	
168.91	
168.89	
168.87	
168.86	
168.84	
168.85	
168.85	
168.87	
168.88	
168.88	
168.89	
168.90	
168.91	
168.93	
168.94	
168.92	
168.91	
168.88	
168.85	
168.83	
168.82	
168.81	
168.83	
168.84	
168.86	
168.88	
168.88	
168.88	
168.87	
168.86	
168.83	
168.81	
168.77	
168.73	
168.69	
168.65	
168.63	
168.60	
168.57	
168.56	
168.55	
168.54	
168.52	
168.51	
168.52	
168.51	
168.51	
168.50	
168.49	
168.47	
168.46	
168.45	
168.41	
168.38	
168.34	
168.28	
168.21	
168.13	
168.04	
167.96	
167.89	
167.83	
167.80	
167.78	
167.77	
167.77	
167.78	
167.78	
167.79	
167.79	
167.78	
167.78	
167.77	
167.77	
167.76	
167.75	
167.73	
167.73	
167.71	
167.70	
167.68	
167.64	
167.54	
167.43	
167.25	
167.03	
166.76	
166.45	
166.13	
165.77	
165.34	
164.83	
164.22	
163.50	
162.66	
161.79	
160.89	
160.04	
159.20	
158.38	
157.59	
156.78	
155.91	
155.00	
154.02	
153.06	
152.20	
151.36	
150.61	
149.92	
149.35	
148.79	
148.31	
147.81	
147.27	
146.64	
145.93	
145.17	
144.41	
143.77	
143.16	
142.63	
142.19	
141.80	
141.40	
141.00	
140.58	
140.13	
139.65	
139.15	
138.70	
138.31	
137.99	
137.69	
137.45	
137.21	
136.99	
136.75	
136.48	
136.18	
135.86	
135.54	
135.23	
134.92	
134.65	
134.39	
134.15	
133.95	
133.76	
133.58	
133.41	
133.22	
133.07	
132.91	
132.74	
132.55	
132.32	
132.06	
131.73	
131.41	
130.99	
130.53	
130.02	
129.48	
128.88	
128.25	
127.61	
126.92	
126.23	
125.56	
124.92	
124.32	
123.77	
123.24	
122.68	
122.14	
121.59	
121.02	
120.42	
119.83	
119.23	
118.66	
118.10	
117.58	
117.10	
116.65	
116.21	
115.76	
115.22	
114.57	
113.81	
112.92	
111.96	
110.99	
110.01	
109.11	
108.28	
107.51	
106.75	
105.92	
105.01	
104.01	
102.96	
101.96	
101.00	
100.15	
99.35	
98.59	
97.85	
97.11	
96.35	
95.55	
94.88	
94.81	
94.89	
94.49	
93.45	
92.12	
90.75	
89.66	
89.01	
88.63	
88.49	
88.67	
89.06	
89.46	
89.65	
89.60	
89.35	
89.03	
88.80	
88.69	
88.73	
88.84	
88.95	
88.99	
88.91	
88.75	
88.52	
88.29	
88.11	
87.98	
87.90	
87.86	
87.82	
87.80	
87.76	
87.74	
87.73	
87.72	
87.70	
87.67	
87.60	
87.52	
87.42	
87.33	
87.26	
87.22	
87.21	
87.23	
87.25	
87.27	
87.28	
87.29	
87.30	
87.35	
87.44	
87.56	
87.68	
87.80	
87.92	
88.03	
88.14	
88.30	
88.50	
88.75	
89.04	
89.39	
89.74	
90.13	
90.49	
90.84	
91.17	
91.48	
91.80	
92.14	
92.55	
93.03	
93.58	
94.19	
94.87	
95.57	
96.33	
97.11	
97.94	
98.83	
99.83	
100.92	
102.11	
103.39	
104.71	
106.06	
107.44	
108.83	
110.22	
111.61	
112.98	
114.38	
115.73	
117.15	
118.59	
120.02	
121.43	
122.78	
124.05	
125.28	
126.48	
127.65	
128.81	
129.90	
130.99	
132.08	
133.12	
134.14	
135.15	
136.13	
137.04	
137.91	
138.78	
139.65	
140.58	
141.55	
142.57	
143.66	
144.78	
145.92	
147.06	
148.18	
149.24	
150.29	
151.32	
152.35	
153.42	
154.50	
155.63	
156.76	
157.89	
158.95	
159.97	
160.87	
161.64	
162.27	
162.81	
163.25	
163.62	
163.92	
164.20	
164.42	
164.58	
164.68	
164.71	
164.67	
164.57	
164.46	
164.32	
164.18	
164.01	
163.84	
163.67	
163.47	
163.26	
163.04	
162.82	
162.60	
162.44	
162.34	
162.33	
162.44	
162.66	
162.97	
163.29	
163.57	
163.72	
163.75	
163.67	
163.53	
163.42	
163.39	
163.43	
163.53	
163.65	
163.73	
163.72	
163.65	
163.49	
163.31	
163.16	
163.08	
163.09	
163.18	
163.32	
163.47	
163.59	
163.63	
163.57	
163.47	
163.33	
163.19	
163.08	
163.02	
162.97	
162.99	
163.00	
163.01	
162.97	
162.94	
162.86	
162.76	
162.68	
162.59	
162.52	
162.44	
162.39	
162.31	
162.26	
162.27	
162.30	
162.35	
162.50	
162.64	
162.75	
162.80	
162.79	
162.74	
162.66	
162.56	
162.47	
162.39	
162.32	
162.28	
162.25	
162.24	
162.24	
162.24	
162.22	
162.20	
162.17	
162.17	
162.15	
162.17	
162.19	
162.23	
162.26	
162.29	
162.31	
162.32	
162.31	
162.31	
162.31	
162.33	
162.37	
162.41	
162.45	
162.47	
162.49	
162.48	
162.46	
162.43	
162.40	
162.39	
162.37	
162.37	
162.38	
162.38	
162.39	
162.38	
162.38	
162.36	
162.42	
162.38	
162.40	
162.38	
162.39	
162.39	
162.37	
162.35	
162.37	
162.35	
162.35	
162.29	
162.28	
162.26	
162.25	
162.22	
162.21	
162.19	
162.17	
162.17	
162.15	
162.15	
162.15	
162.16	
162.17	
162.16	
162.18	
162.17	
162.15	
162.15	
162.15	
162.14	
162.14	
162.15	
162.16	
162.19	
162.20	
162.19	
162.18	
162.17	
162.16	
162.14	
162.13	
162.12	
162.12	
162.12	
162.11	
162.10	
162.07	
162.04	
161.98	
161.95	
161.91	
161.87	
161.84	
161.83	
161.80	
161.80	
161.80	
161.81	
161.82	
161.82	
161.81	
161.81	
161.78	
161.77	
161.76	
161.76	
161.76	
161.77	
161.77	
161.78	
161.77	
161.77	
161.76	
161.74	
161.72	
161.71	
161.71	
161.72	
161.73	
161.75	
161.78	
161.80	
161.80	
161.79	
161.78	
161.76	
161.73	
161.70	
161.67	
161.67	
161.67	
161.68	
161.69	
161.70	
161.71	
161.71	
161.72	
161.72	
161.72	
161.72	
161.71	
161.71	
161.70	
161.70	
161.70	
161.71	
161.74	
161.77	
161.79	
161.82	
161.86	
161.85	
161.84	
161.80	
161.78	
161.75	
161.72	
161.74	
161.78	
161.76	
161.85	
161.90	
161.89	
161.93	
161.92	
161.87	
161.90	
161.94	
161.99	
162.04	
162.08	
162.06	
162.03	
161.95	
161.87	
161.77	
161.66	
161.54	
161.43	
161.30	
161.16	
161.00	
160.86	
160.74	
160.67	
160.63	
160.64	
160.69	
160.77	
160.86	
160.95	
161.07	
161.10	
161.11	
161.05	
160.99	
160.92	
160.85	
160.82	
160.85	
160.87	
160.90	
160.92	
160.90	
160.89	
160.89	
160.89	
160.92	
160.95	
160.99	
161.04	
161.07	
161.09	
161.09	
161.06	
161.01	
160.95	
160.90	
160.87	
160.85	
160.88	
160.95	
161.05	
161.17	
161.28	
161.36	
161.39	
161.39	
161.38	
161.32	
161.28	
161.19	
161.11	
161.02	
160.91	
160.78	
160.64	
160.43	
160.17	
159.84	
159.39	
158.93	
158.36	
157.75	
157.14	
156.51	
155.90	
155.29	
154.70	
154.13	
153.53	
152.94	
152.34	
151.75	
151.20	
150.68	
150.19	
149.77	
149.38	
149.02	
148.67	
148.34	
148.02	
147.71	
147.39	
147.05	
146.72	
146.39	
146.08	
145.80	
145.53	
145.26	
145.06	
144.90	
144.74	
144.61	
144.47	
144.34	
144.22	
144.13	
144.04	
143.97	
143.91	
143.86	
143.85	
143.82	
143.79	
143.78	
143.74	
143.74	
143.75	
143.78	
143.83	
143.92	
144.01	
144.11	
144.24	
144.37	
144.52	
144.68	
144.87	
145.07	
145.27	
145.51	
145.74	
145.99	
146.21	
146.41	
146.61	
146.79	
146.97	
147.14	
147.30	
147.45	
147.59	
147.71	
147.83	
147.92	
148.02	
148.11	
148.21	
148.29	
148.39	
148.47	
148.53	
148.60	
148.65	
148.65	
148.63	
148.53	
148.39	
148.19	
148.01	
147.81	
147.65	
147.52	
147.43	
147.33	
147.19	
146.93	
146.53	
145.99	
145.33	
144.81	
144.66	
144.84	
145.21	
145.59	
145.80	
145.87	
145.82	
145.62	
145.31	
144.98	
144.67	
144.42	
144.21	
144.05	
143.89	
143.70	
143.43	
143.06	
142.64	
142.24	
141.91	
141.65	
141.46	
141.35	
141.23	
141.09	
140.89	
140.59	
140.22	
139.78	
139.33	
138.90	
138.51	
138.18	
137.91	
137.69	
137.48	
137.33	
137.20	
137.11	
137.12	
137.18	
137.30	
137.40	
137.42	
137.33	
137.14	
136.90	
136.61	
136.37	
136.16	
135.96	
135.73	
135.41	
134.95	
134.36	
133.66	
132.91	
132.18	
131.54	
130.99	
130.49	
130.04	
129.57	
129.05	
128.48	
127.87	
127.19	
126.52	
125.83	
125.18	
124.55	
123.97	
123.41	
122.82	
122.22	
121.64	
121.05	
120.45	
119.89	
119.32	
118.75	
118.22	
117.76	
117.32	
116.92	
116.58	
116.27	
115.98	
115.72	
115.47	
115.25	
115.06	
114.91	
114.78	
114.67	
114.57	
114.48	
114.43	
114.41	
114.43	
114.50	
114.58	
114.75	
114.96	
115.20	
115.51	
115.84	
116.24	
116.71	
117.24	
117.88	
118.68	
119.68	
120.91	
122.28	
123.48	
124.27	
124.71	
124.78	
124.50	
124.02	
123.43	
122.89	
122.59	
122.78	
123.39	
124.24	
125.18	
126.09	
126.71	
126.84	
126.44	
125.76	
125.04	
124.53	
124.40	
124.55	
124.99	
125.64	
126.38	
127.07	
127.48	
127.46	
127.00	
126.29	
125.53	
124.91	
124.59	
124.59	
124.87	
125.32	
125.88	
126.34	
126.66	
126.76	
126.64	
126.38	
126.04	
125.73	
125.57	
125.59	
125.79	
126.13	
126.53	
126.89	
127.17	
127.30	
127.31	
127.22	
127.10	
127.04	
127.04	
127.23	
127.53	
127.92	
128.31	
128.73	
129.08	
129.33	
129.51	
129.60	
129.70	
129.82	
130.02	
130.30	
130.64	
131.01	
131.35	
131.66	
131.93	
132.14	
132.28	
132.39	
132.46	
132.52	
132.60	
132.69	
132.81	
132.94	
133.09	
133.22	
133.31	
133.45	
133.54	
133.64	
133.76	
133.89	
134.02	
134.13	
134.24	
134.34	
134.47	
134.62	
134.84	
135.10	
135.41	
135.75	
136.06	
136.34	
136.58	
136.78	
137.00	
137.24	
137.52	
137.81	
138.12	
138.39	
138.65	
138.87	
139.10	
139.38	
139.70	
140.08	
140.52	
140.96	
141.41	
141.85	
142.26	
142.69	
143.14	
143.64	
144.17	
144.70	
145.19	
145.57	
145.85	
146.08	
146.26	
146.43	
146.67	
146.96	
147.30	
147.63	
148.00	
148.36	
148.70	
149.02	
149.32	
149.58	
149.81	
150.05	
150.26	
150.47	
150.69	
150.91	
151.12	
151.30	
151.44	
151.56	
151.61	
151.62	
151.56	
151.42	
151.13	
150.68	
150.01	
149.14	
148.07	
146.81	
145.33	
143.73	
141.96	
140.00	
137.90	
135.61	
133.09	
130.39	
127.44	
124.26	
120.91	
117.53	
114.23	
111.04	
107.99	
105.09	
102.26	
99.53	
96.91	
94.35	
91.96	
89.67	
87.55	
85.59	
83.81	
82.17	
80.87	
79.62	
78.50	
77.48	
76.55	
75.72	
75.02	
74.44	
73.96	
73.53	
73.14	
72.80	
72.47	
72.20	
72.03	
71.90	
71.86	
71.90	
71.98	
72.10	
72.22	
72.37	
72.52	
72.68	
72.82	
72.91	
72.97	
72.99	
72.97	
72.92	
72.84	
72.76	
72.68	
72.61	
72.55	
72.49	
72.42	
72.33	
72.20	
72.08	
71.94	
71.76	
71.58	
71.37	
71.14	
70.90	
70.65	
70.36	
70.08	
69.79	
69.50	
69.24	
68.99	
68.71	
68.42	
68.10	
67.75	
67.38	
67.03	
66.71	
66.43	
66.19	
65.98	
65.77	
65.56	
65.36	
65.17	
65.03	
64.91	
64.83	
64.79	
64.77	
64.79	
64.83	
64.87	
64.89	
64.90	
64.93	
64.97	
65.03	
65.15	
65.29	
65.45	
65.57	
65.76	
65.95	
66.12	
66.31	
66.51	
66.81	
67.13	
67.47	
67.84	
68.25	
68.62	
69.01	
69.40	
69.79	
70.17	
70.56	
70.93	
71.30	
71.63	
71.91	
72.12	
72.30	
72.44	
72.54	
72.61	
72.64	
72.64	
72.59	
72.51	
72.40	
72.25	
72.09	
71.92	
71.75	
71.59	
71.42	
71.26	
71.09	
70.86	
70.66	
70.47	
70.27	
70.08	
69.86	
69.76	
69.61	
69.45	
69.31	
69.16	
69.03	
68.91	
68.82	
68.82	
68.77	
68.74	
68.74	
68.75	
68.73	
68.74	
68.75	
68.82	
68.93	
69.06	
69.22	
69.38	
69.55	
69.72	
69.91	
70.12	
70.35	
70.56	
70.75	
70.94	
71.08	
71.21	
71.33	
71.44	
71.54	
71.63	
71.69	
71.70	
71.68	
71.64	
71.57	
71.50	
71.42	
71.34	
71.25	
71.16	
71.08	
70.99	
70.91	
70.81	
70.72	
70.64	
70.54	
70.45	
70.34	
70.27	
70.22	
70.18	
70.16	
70.14	
70.08	
70.02	
69.96	
69.91	
69.89	
69.90	
69.91	
69.94	
69.97	
70.02	
70.08	
70.13	
70.22	
70.32	
70.40	
70.46	
70.60	
70.74	
70.89	
71.06	
71.21	
71.33	
71.44	
71.53	
71.64	
71.73	
71.85	
71.98	
72.09	
72.18	
72.24	
72.28	
72.30	
72.31	
72.31	
72.33	
72.35	
72.38	
72.40	
72.45	
72.47	
72.48	
72.48	
72.48	
72.49	
72.54	
72.60	
72.71	
72.80	
72.87	
72.91	
72.94	
72.98	
73.04	
73.15	
73.26	
73.38	
73.48	
73.56	
73.63	
73.72	
73.83	
73.95	
74.07	
74.18	
74.27	
74.36	
74.46	
74.55	
74.64	
74.72	
74.82	
74.91	
75.01	
75.09	
75.16	
75.19	
75.21	
75.23	
75.24	
75.25	
75.27	
75.30	
75.33	
75.33	
75.33	
75.32	
75.31	
75.30	
75.30	
75.31	
75.30	
75.29	
75.29	
75.28	
75.28	
75.28	
75.26	
75.22	
75.16	
75.05	
74.92	
74.79	
74.67	
74.57	
74.47	
74.37	
74.26	
74.13	
73.99	
73.81	
73.63	
73.44	
73.26	
73.08	
72.89	
72.70	
72.50	
72.27	
72.03	
71.77	
71.46	
71.10	
70.71	
70.30	
69.87	
69.46	
69.05	
68.66	
68.23	
67.79	
67.34	
66.89	
66.48	
66.06	
65.69	
65.32	
64.96	
64.61	
64.23	
63.82	
63.43	
63.05	
62.66	
62.29	
61.93	
61.59	
61.27	
60.97	
60.70	
60.44	
60.18	
59.94	
59.68	
59.39	
59.07	
58.74	
58.37	
57.98	
57.62	
57.22	
56.86	
56.49	
56.11	
55.72	
55.38	
54.98	
54.58	
54.17	
53.75	
53.37	
53.03	
52.70	
52.39	
52.11	
51.84	
51.63	
51.49	
51.45	
51.46	
51.52	
51.61	
51.69	
51.80	
51.90	
52.05	
52.26	
52.61	
53.12	
53.88	
54.80	
55.79	
56.75	
57.66	
58.50	
59.22	
59.88	
60.58	
61.43	
62.46	
63.66	
64.97	
66.32	
67.70	
69.07	
70.45	
71.87	
73.33	
74.84	
76.42	
78.12	
79.95	
81.90	
83.88	
85.82	
87.41	
89.06	
90.54	
91.85	
93.02	
94.28	
95.55	
96.81	
98.21	
99.56	
100.83	
102.01	
103.02	
103.83	
104.48	
104.99	
105.42	
105.78	
106.13	
106.45	
106.74	
106.99	
107.16	
107.23	
107.24	
107.18	
107.11	
107.05	
107.03	
107.05	
107.10	
107.12	
107.10	
107.03	
106.90	
106.75	
106.62	
106.50	
106.41	
106.33	
106.28	
106.22	
106.16	
106.06	
105.95	
105.82	
105.67	
105.52	
105.38	
105.27	
105.18	
105.09	
105.02	
104.92	
104.77	
104.56	
104.30	
104.00	
103.68	
103.35	
103.01	
102.67	
102.19	
101.64	
101.01	
100.36	
99.61	
98.81	
97.96	
97.10	
96.18	
95.26	
94.30	
93.31	
92.27	
91.20	
90.06	
88.88	
87.62	
86.30	
85.09	
83.72	
82.31	
80.89	
79.48	
78.11	
76.79	
75.51	
74.26	
73.05	
71.90	
70.83	
69.83	
68.89	
67.99	
67.10	
66.20	
65.33	
64.49	
63.70	
62.98	
62.34	
61.78	
61.32	
60.95	
60.66	
60.42	
60.24	
60.12	
60.05	
60.03	
60.06	
60.13	
60.22	
60.34	
60.49	
60.67	
60.88	
61.10	
61.34	
61.58	
61.85	
62.13	
62.42	
62.73	
63.04	
63.39	
63.75	
64.13	
64.55	
65.01	
65.55	
66.11	
66.68	
67.28	
67.89	
68.50	
69.12	
69.74	
70.38	
71.02	
71.69	
72.36	
73.01	
73.65	
74.24	
74.79	
75.31	
75.80	
76.28	
76.73	
77.09	
77.36	
77.52	
77.54	
77.39	
76.93	
76.44	
75.84	
75.21	
74.41	
73.52	
72.63	
71.51	
70.22	
68.77	
67.21	
65.55	
63.84	
62.13	
60.50	
58.99	
57.53	
56.06	
54.58	
53.08	
51.65	
50.33	
49.20	
48.26	
47.50	
46.87	
46.32	
45.87	
45.52	
45.28	
45.17	
45.18	
45.31	
45.54	
45.85	
46.20	
46.58	
47.04	
47.59	
48.20	
48.90	
49.59	
50.33	
51.12	
51.96	
52.88	
53.95	
55.23	
56.65	
58.20	
59.87	
61.61	
63.43	
65.32	
67.37	
69.60	
72.08	
74.85	
77.89	
81.18	
84.73	
88.48	
92.48	
96.49	
100.69	
105.08	
109.50	
113.89	
118.07	
121.98	
125.62	
129.12	
132.14	
134.72	
136.69	
137.89	
138.21	
137.72	
136.64	
135.25	
134.01	
132.96	
132.45	
132.37	
132.68	
133.23	
133.78	
134.13	
134.13	
133.66	
132.85	
131.85	
131.03	
130.51	
130.39	
130.62	
131.12	
131.71	
132.28	
132.65	
132.71	
132.46	
131.96	
131.36	
130.74	
130.26	
129.95	
129.83	
129.84	
129.97	
130.17	
130.38	
130.54	
130.63	
130.60	
130.48	
130.31	
130.16	
130.04	
130.01	
130.04	
130.13	
130.28	
130.41	
130.52	
130.58	
130.52	
130.39	
130.16	
129.86	
129.52	
129.13	
128.68	
128.16	
127.62	
127.03	
126.34	
125.56	
124.67	
123.67	
122.56	
121.33	
120.04	
118.68	
117.28	
115.80	
114.25	
112.60	
110.85	
108.99	
107.06	
104.99	
102.81	
100.58	
98.32	
96.13	
94.04	
92.07	
90.24	
88.51	
86.90	
85.26	
83.50	
81.69	
79.94	
78.04	
76.17	
74.32	
72.55	
70.81	
69.09	
67.36	
65.59	
63.74	
61.87	
60.02	
58.27	
56.64	
55.14	
53.75	
52.45	
51.25	
50.16	
49.16	
48.30	
47.54	
46.94	
46.48	
46.17	
46.05	
46.10	
46.34	
46.82	
47.54	
48.48	
49.62	
50.94	
52.43	
54.08	
55.90	
57.89	
60.09	
62.49	
65.11	
67.89	
70.87	
73.97	
77.20	
80.52	
83.89	
87.13	
90.35	
93.57	
96.66	
99.70	
102.75	
105.86	
109.02	
112.12	
115.07	
117.49	
119.09	
119.81	
119.90	
119.45	
118.63	
117.67	
116.94	
116.55	
116.41	
116.45	
116.62	
116.83	
117.00	
117.08	
117.04	
116.83	
116.52	
116.15	
115.83	
115.63	
115.58	
115.69	
115.96	
116.31	
116.69	
117.02	
117.24	
117.31	
117.20	
116.93	
116.58	
116.14	
115.72	
115.35	
115.03	
114.77	
114.54	
114.25	
113.85	
113.27	
112.47	
111.38	
110.03	
108.47	
106.76	
104.88	
102.91	
100.86	
98.81	
96.74	
94.61	
92.52	
90.28	
87.98	
85.62	
83.38	
80.96	
78.59	
76.27	
74.00	
71.74	
69.51	
67.35	
65.29	
63.29	
61.36	
59.54	
57.83	
56.25	
54.85	
53.65	
52.68	
51.96	
51.48	
51.23	
51.18	
51.34	
51.75	
52.41	
53.31	
54.47	
55.86	
57.53	
59.45	
61.65	
64.14	
66.92	
70.02	
73.40	
77.07	
81.01	
85.20	
89.62	
94.24	
98.81	
103.43	
108.10	
112.67	
116.99	
121.08	
124.98	
128.71	
132.17	
135.20	
137.61	
139.04	
139.41	
138.97	
138.00	
136.83	
135.94	
135.54	
135.65	
136.14	
136.81	
137.47	
137.95	
138.07	
137.79	
137.12	
136.26	
135.44	
134.87	
134.65	
134.73	
134.99	
135.31	
135.51	
135.49	
135.20	
134.62	
133.83	
132.85	
131.75	
130.53	
129.18	
127.73	
126.19	
124.55	
122.81	
120.99	
119.08	
117.08	
114.98	
112.88	
110.78	
108.72	
106.65	
104.64	
102.67	
100.73	
98.84	
96.97	
95.09	
93.20	
91.35	
89.31	
87.20	
85.17	
82.93	
80.71	
78.56	
76.47	
74.40	
72.38	
70.39	
68.41	
66.43	
64.46	
62.52	
60.62	
58.76	
56.97	
55.24	
53.62	
52.12	
50.79	
49.65	
48.77	
48.18	
47.82	
47.66	
47.77	
48.25	
49.00	
50.18	
51.71	
53.60	
55.78	
58.16	
60.70	
63.34	
66.12	
69.03	
72.05	
75.19	
78.18	
81.19	
84.24	
87.25	
90.31	
93.34	
96.30	
99.14	
101.85	
104.25	
106.34	
107.92	
108.98	
109.54	
109.68	
109.54	
109.30	
109.05	
108.83	
108.64	
108.48	
108.37	
108.27	
108.16	
108.01	
107.78	
107.45	
106.97	
106.35	
105.63	
104.84	
103.99	
103.02	
102.00	
100.85	
99.56	
98.12	
96.50	
94.72	
92.76	
90.68	
88.52	
86.39	
84.13	
81.84	
79.49	
77.29	
74.89	
72.45	
70.02	
67.62	
65.23	
62.84	
60.46	
58.12	
55.85	
53.78	
51.95	
50.24	
48.60	
47.04	
45.68	
44.59	
43.82	
43.26	
42.93	
42.84	
43.00	
43.42	
44.13	
45.16	
46.53	
48.23	
50.22	
52.45	
54.93	
57.62	
60.50	
63.60	
66.94	
70.51	
74.37	
78.47	
82.71	
86.99	
91.03	
94.92	
98.70	
102.37	
105.99	
109.54	
113.05	
116.46	
119.53	
122.14	
124.09	
125.35	
125.86	
125.88	
125.60	
125.23	
124.91	
124.69	
124.57	
124.56	
124.53	
124.41	
124.12	
123.58	
122.87	
122.01	
121.08	
120.12	
119.15	
118.17	
117.08	
115.83	
114.35	
112.58	
110.49	
108.15	
105.45	
102.41	
99.24	
95.86	
92.49	
89.18	
85.97	
83.05	
80.08	
77.20	
74.44	
71.79	
69.31	
67.07	
65.14	
63.54	
62.22	
61.10	
60.15	
59.29	
58.75	
58.51	
58.60	
59.02	
59.79	
60.80	
62.10	
63.40	
64.90	
66.64	
68.59	
70.73	
73.15	
75.85	
78.85	
82.11	
85.60	
89.27	
93.00	
96.71	
100.28	
103.84	
107.43	
111.08	
114.85	
118.80	
122.74	
126.54	
129.71	
132.08	
133.71	
134.78	
135.57	
136.26	
136.94	
137.58	
138.06	
138.25	
138.12	
137.69	
137.10	
136.48	
135.94	
135.56	
135.38	
135.33	
135.36	
135.37	
135.34	
135.25	
135.08	
134.91	
134.76	
134.66	
134.65	
134.67	
134.68	
134.63	
134.51	
134.29	
133.96	
133.56	
133.09	
132.59	
132.11	
131.62	
131.07	
130.42	
129.54	
128.35	
126.77	
124.68	
122.31	
119.64	
116.79	
113.90	
111.08	
108.30	
105.50	
102.75	
99.83	
96.76	
93.59	
90.33	
87.09	
84.05	
81.35	
78.83	
76.72	
74.85	
73.33	
72.10	
71.13	
70.41	
69.87	
69.52	
69.42	
69.63	
70.21	
71.20	
72.61	
74.36	
76.45	
78.81	
81.37	
84.01	
86.71	
89.19	
92.01	
95.04	
98.27	
101.66	
105.12	
108.58	
111.97	
115.28	
118.55	
121.91	
125.45	
129.11	
132.70	
136.05	
138.84	
140.93	
142.22	
142.86	
142.98	
142.75	
142.33	
141.87	
141.36	
140.79	
140.15	
139.45	
138.66	
137.77	
136.69	
135.42	
133.88	
132.05	
129.90	
127.45	
124.75	
121.86	
118.90	
116.04	
113.15	
110.32	
107.53	
104.74	
101.88	
98.88	
95.72	
92.43	
89.16	
86.04	
83.12	
80.50	
78.21	
75.78	
73.48	
71.27	
69.11	
66.99	
64.92	
62.90	
60.98	
59.19	
57.52	
55.89	
54.28	
52.74	
51.27	
49.89	
48.66	
47.60	
46.75	
46.04	
45.39	
44.75	
44.10	
43.44	
42.87	
42.44	
42.19	
42.13	
42.20	
42.55	
43.12	
43.88	
44.78	
45.79	
46.92	
48.17	
49.64	
51.22	
53.02	
55.03	
57.17	
59.60	
62.29	
65.28	
68.39	
71.53	
74.94	
78.44	
81.99	
85.55	
88.87	
92.13	
95.38	
98.36	
101.00	
103.27	
105.21	
106.91	
108.43	
109.80	
111.03	
112.05	
112.73	
112.89	
112.50	
111.71	
110.85	
110.07	
109.63	
109.33	
109.09	
108.81	
108.38	
107.74	
106.87	
105.93	
104.81	
103.62	
102.38	
101.22	
99.91	
98.58	
97.16	
95.58	
93.78	
91.76	
89.55	
87.39	
85.19	
83.20	
81.20	
79.11	
77.03	
74.93	
72.80	
70.59	
68.28	
65.97	
63.73	
61.63	
59.71	
58.03	
56.65	
55.57	
54.73	
54.04	
53.50	
53.07	
52.82	
52.81	
53.05	
53.54	
54.27	
55.18	
56.23	
57.40	
58.66	
60.00	
61.42	
62.99	
64.77	
66.80	
69.05	
71.46	
74.03	
76.77	
79.62	
82.45	
85.34	
88.39	
91.50	
94.72	
98.08	
101.62	
105.30	
109.13	
113.06	
117.00	
120.93	
124.71	
128.27	
131.55	
134.49	
137.16	
139.44	
141.41	
143.04	
144.27	
145.05	
145.37	
145.29	
144.84	
144.20	
143.44	
142.67	
141.94	
141.32	
140.77	
140.30	
139.83	
139.36	
138.86	
138.32	
137.76	
137.19	
136.65	
136.13	
135.59	
135.01	
134.32	
133.51	
132.49	
131.18	
129.55	
127.57	
125.22	
122.57	
119.65	
116.61	
113.47	
110.35	
107.28	
104.25	
101.27	
98.28	
95.29	
92.26	
89.20	
86.17	
83.20	
80.33	
77.84	
75.25	
72.72	
70.30	
67.94	
65.65	
63.44	
61.33	
59.32	
57.41	
55.62	
53.96	
52.54	
51.35	
50.41	
49.68	
49.12	
48.72	
48.48	
48.40	
48.48	
48.72	
49.09	
49.59	
50.20	
50.90	
51.70	
52.65	
53.70	
54.89	
56.19	
57.58	
59.07	
60.65	
62.38	
64.28	
66.39	
68.77	
71.43	
74.38	
77.63	
81.18	
85.03	
89.07	
93.36	
98.07	
103.08	
108.29	
113.55	
118.77	
123.68	
128.16	
131.76	
133.95	
134.67	
134.30	
133.29	
131.97	
130.83	
130.11	
129.85	
130.02	
130.54	
131.31	
132.12	
132.77	
133.07	
132.96	
132.49	
131.80	
131.09	
130.52	
130.18	
130.13	
130.27	
130.56	
130.87	
131.07	
130.99	
130.51	
129.62	
128.35	
126.80	
124.99	
123.00	
120.88	
118.55	
116.04	
113.26	
110.19	
106.84	
103.23	
99.45	
95.65	
91.97	
88.49	
85.22	
82.20	
79.26	
76.20	
73.15	
70.12	
67.10	
64.15	
61.29	
58.55	
55.92	
53.43	
51.07	
48.87	
46.95	
45.36	
44.33	
43.79	
43.66	
43.86	
44.41	
45.30	
46.57	
48.22	
50.26	
52.67	
55.34	
58.13	
60.99	
63.82	
66.48	
69.27	
72.36	
75.66	
79.32	
83.32	
87.63	
92.11	
96.66	
101.13	
105.27	
109.14	
112.76	
115.87	
118.76	
121.54	
124.06	
126.39	
128.28	
129.65	
130.51	
130.93	
130.99	
130.79	
130.39	
129.89	
129.36	
128.90	
128.61	
128.48	
128.49	
128.52	
128.51	
128.37	
128.09	
127.67	
127.20	
126.79	
126.44	
126.19	
125.95	
125.58	
124.95	
123.97	
122.52	
120.56	
118.08	
115.18	
112.08	
108.86	
105.81	
102.88	
100.05	
97.19	
94.17	
90.85	
87.21	
83.35	
79.45	
75.74	
72.34	
69.17	
66.39	
63.64	
60.97	
58.36	
55.75	
53.21	
50.78	
48.53	
46.53	
44.83	
43.48	
42.55	
42.06	
42.00	
42.33	
42.99	
43.96	
45.24	
46.83	
48.72	
50.92	
53.40	
56.19	
59.22	
62.45	
65.88	
69.49	
73.30	
77.28	
81.40	
85.59	
89.56	
93.62	
97.66	
101.56	
105.59	
109.64	
113.57	
117.49	
121.23	
124.66	
127.65	
130.05	
131.78	
133.13	
133.99	
134.40	
134.53	
134.41	
134.08	
133.61	
133.04	
132.49	
132.02	
131.65	
131.35	
131.08	
130.77	
130.35	
129.81	
129.12	
128.33	
127.51	
126.73	
126.02	
125.43	
124.96	
124.56	
124.21	
123.91	
123.52	
123.01	
122.40	
121.67	
120.85	
119.96	
119.01	
118.05	
117.06	
116.02	
114.89	
113.66	
112.34	
110.92	
109.36	
107.69	
105.93	
104.07	
102.07	
99.87	
97.43	
94.75	
91.81	
88.68	
85.36	
81.99	
78.67	
75.70	
72.68	
69.84	
67.21	
64.78	
62.47	
60.21	
57.95	
55.89	
54.06	
52.56	
51.53	
50.96	
50.84	
51.13	
51.76	
52.72	
53.92	
55.33	
56.93	
58.64	
60.44	
62.19	
63.83	
65.25	
66.13	
66.92	
67.48	
68.00	
68.60	
69.34	
70.27	
71.32	
72.48	
73.76	
75.19	
76.72	
78.22	
79.48	
80.42	
81.04	
81.51	
81.88	
82.25	
82.61	
82.95	
83.22	
83.34	
83.30	
83.05	
82.60	
82.01	
81.32	
80.60	
79.92	
79.33	
78.88	
78.57	
78.39	
78.31	
78.25	
78.16	
78.01	
77.79	
77.53	
77.32	
77.25	
77.42	
77.83	
78.43	
79.05	
79.59	
79.96	
80.20	
80.37	
80.40	
80.40	
80.37	
80.30	
80.20	
80.07	
79.94	
79.79	
79.58	
79.28	
78.91	
78.49	
78.06	
77.69	
77.40	
77.21	
77.14	
77.19	
77.36	
77.58	
77.82	
78.05	
78.23	
78.41	
78.65	
78.99	
79.44	
79.90	
80.31	
80.62	
80.81	
80.84	
80.73	
80.50	
80.19	
79.87	
79.52	
79.17	
78.80	
78.40	
77.94	
77.38	
76.72	
75.99	
75.19	
74.38	
73.69	
73.10	
72.62	
72.28	
72.00	
71.72	
71.47	
71.21	
70.95	
70.76	
70.68	
70.77	
71.02	
71.49	
72.11	
72.82	
73.55	
74.25	
74.87	
75.39	
75.79	
76.10	
76.33	
76.52	
76.70	
76.81	
76.84	
76.74	
76.58	
76.30	
75.96	
75.61	
75.24	
74.83	
74.38	
73.93	
73.53	
73.16	
72.82	
72.47	
72.05	
71.58	
71.14	
70.74	
70.44	
70.23	
70.11	
70.15	
70.38	
70.79	
71.36	
72.09	
73.00	
74.01	
75.02	
76.03	
76.98	
77.86	
78.69	
79.48	
80.17	
80.70	
80.97	
80.95	
80.62	
80.03	
79.32	
78.62	
78.03	
77.56	
77.21	
76.90	
76.53	
76.10	
75.59	
75.06	
74.54	
74.13	
73.94	
73.97	
74.18	
74.57	
75.12	
75.79	
76.56	
77.34	
78.05	
78.64	
79.10	
79.46	
79.74	
80.00	
80.26	
80.49	
80.69	
80.84	
80.92	
80.92	
80.80	
80.58	
80.29	
79.93	
79.49	
78.96	
78.26	
77.43	
76.49	
75.57	
74.79	
74.28	
74.13	
74.30	
74.69	
75.13	
75.49	
75.71	
75.86	
75.92	
75.99	
76.09	
76.23	
76.38	
76.49	
76.55	
76.52	
76.44	
76.32	
76.18	
76.03	
75.88	
75.72	
75.58	
75.43	
75.30	
75.12	
74.90	
74.63	
74.30	
73.96	
73.58	
73.23	
72.84	
72.43	
71.99	
71.54	
71.12	
70.79	
70.59	
70.57	
70.69	
70.94	
71.26	
71.63	
72.03	
72.45	
72.88	
73.34	
73.81	
74.24	
74.63	
74.98	
75.30	
75.65	
76.02	
76.34	
76.62	
76.84	
76.96	
76.99	
76.90	
76.65	
76.43	
76.21	
75.98	
75.73	
75.40	
74.97	
74.42	
73.73	
72.94	
72.12	
71.37	
70.81	
70.53	
70.55	
70.80	
71.16	
71.50	
71.73	
71.88	
72.03	
72.23	
72.60	
73.10	
73.71	
74.40	
75.10	
75.75	
76.29	
76.68	
76.99	
77.26	
77.62	
77.93	
78.31	
78.69	
79.04	
79.31	
79.46	
79.47	
79.33	
79.02	
78.72	
78.41	
78.07	
77.72	
77.33	
76.88	
76.32	
75.60	
74.78	
73.91	
73.11	
72.49	
72.11	
72.02	
72.17	
72.49	
72.84	
73.15	
73.40	
73.62	
73.87	
74.21	
74.65	
75.19	
75.78	
76.36	
76.85	
77.20	
77.38	
77.44	
77.42	
77.43	
77.51	
77.66	
77.84	
77.87	
77.69	
77.35	
76.86	
76.30	
75.74	
75.25	
74.86	
74.53	
74.24	
73.86	
73.34	
72.64	
71.78	
70.82	
69.91	
69.20	
68.77	
68.63	
68.71	
68.88	
68.99	
68.98	
68.87	
68.75	
68.71	
68.81	
69.09	
69.56	
70.12	
70.75	
71.37	
71.91	
72.33	
72.68	
72.98	
73.25	
73.55	
73.88	
74.25	
74.53	
74.73	
74.83	
74.81	
74.68	
74.47	
74.17	
73.89	
73.61	
73.35	
73.08	
72.75	
72.34	
71.84	
71.28	
70.69	
70.12	
69.60	
69.14	
68.68	
68.22	
67.74	
67.31	
67.00	
66.81	
66.78	
66.85	
66.99	
67.16	
67.38	
67.65	
67.99	
68.40	
68.88	
69.43	
70.02	
70.65	
71.26	
71.84	
72.29	
72.71	
73.07	
73.38	
73.66	
73.92	
74.15	
74.34	
74.46	
74.47	
74.35	
74.15	
73.92	
73.63	
73.30	
72.93	
72.54	
72.13	
71.73	
71.32	
71.00	
70.59	
70.12	
69.61	
69.06	
68.37	
67.84	
67.40	
67.12	
67.04	
67.12	
67.33	
67.62	
67.96	
68.38	
68.90	
69.49	
70.13	
70.81	
71.50	
72.21	
72.92	
73.65	
74.36	
75.08	
75.75	
76.39	
76.97	
77.54	
78.08	
78.64	
79.15	
79.61	
79.93	
80.08	
80.06	
79.89	
79.56	
79.14	
78.65	
78.15	
77.64	
77.17	
76.72	
76.27	
75.82	
75.31	
74.72	
74.02	
73.20	
72.31	
71.43	
70.67	
70.18	
70.00	
70.11	
70.42	
70.81	
71.22	
71.63	
72.10	
72.66	
73.34	
74.13	
75.02	
75.97	
76.91	
77.87	
78.81	
79.70	
80.58	
81.45	
82.30	
83.12	
83.89	
84.59	
85.23	
85.81	
86.32	
86.72	
86.99	
87.08	
86.98	
86.71	
86.29	
85.76	
85.18	
84.60	
84.03	
83.50	
82.93	
82.31	
81.73	
81.13	
80.59	
80.19	
79.94	
79.95	
80.28	
80.90	
81.99	
83.40	
85.01	
86.69	
88.33	
90.03	
91.75	
93.55	
95.43	
97.45	
99.60	
101.86	
104.13	
106.36	
108.43	
110.26	
111.85	
113.19	
114.38	
115.43	
116.47	
117.55	
118.67	
119.85	
121.06	
122.30	
123.51	
124.62	
125.62	
126.48	
127.27	
128.03	
128.82	
129.63	
130.50	
131.36	
132.22	
133.06	
133.83	
134.52	
135.09	
135.57	
135.96	
136.29	
136.57	
136.86	
137.00	
137.09	
137.16	
137.22	
137.25	
137.28	
137.27	
137.25	
137.19	
137.10	
136.99	
136.88	
136.78	
136.71	
136.67	
136.66	
136.66	
136.66	
136.64	
136.58	
136.50	
136.42	
136.37	
136.36	
136.36	
136.40	
136.45	
136.51	
136.56	
136.61	
136.68	
136.76	
136.87	
137.01	
137.18	
137.40	
137.59	
137.81	
137.99	
138.13	
138.22	
138.25	
138.25	
138.23	
138.21	
138.19	
138.20	
138.23	
138.25	
138.21	
138.17	
138.10	
138.03	
137.93	
137.85	
137.81	
137.80	
137.81	
137.86	
137.90	
137.90	
137.88	
137.79	
137.67	
137.47	
137.20	
136.87	
136.51	
136.09	
135.61	
135.11	
134.72	
134.93	
135.47	
136.09	
136.55	
136.84	
137.06	
137.09	
136.86	
136.39	
135.78	
135.10	
134.52	
134.12	
133.89	
133.80	
133.84	
133.96	
134.13	
134.24	
134.20	
134.03	
133.75	
133.43	
133.14	
132.92	
132.79	
132.70	
132.64	
132.52	
132.28	
131.87	
131.29	
130.58	
129.81	
129.07	
128.38	
127.77	
127.20	
126.68	
126.17	
125.60	
124.92	
124.05	
123.02	
121.84	
120.69	
119.60	
118.66	
117.84	
117.24	
116.76	
116.40	
116.17	
116.09	
116.16	
116.39	
116.70	
116.99	
117.24	
117.43	
117.61	
117.81	
118.05	
118.33	
118.62	
118.90	
119.10	
119.22	
119.31	
119.29	
119.23	
119.24	
119.21	
119.28	
119.42	
119.58	
119.77	
119.96	
120.10	
120.21	
120.26	
120.27	
120.23	
120.17	
120.10	
120.12	
120.21	
120.45	
120.77	
121.19	
121.67	
122.16	
122.65	
123.11	
123.57	
123.95	
124.20	
124.34	
124.23	
124.12	
124.06	
124.09	
124.18	
124.40	
124.70	
125.03	
125.31	
125.41	
125.22	
124.66	
123.75	
122.59	
121.30	
120.01	
118.72	
117.68	
116.79	
116.05	
115.40	
114.76	
114.06	
113.25	
112.32	
111.33	
110.38	
109.53	
108.86	
108.35	
107.94	
107.65	
107.36	
107.04	
106.59	
105.97	
105.13	
104.17	
103.17	
102.23	
101.37	
100.56	
99.77	
99.04	
98.31	
97.56	
96.73	
95.81	
94.80	
93.70	
92.58	
91.44	
90.36	
89.40	
88.59	
87.95	
87.40	
86.91	
86.41	
85.87	
85.33	
84.79	
84.34	
84.02	
83.85	
83.82	
83.92	
84.08	
84.28	
84.49	
84.72	
84.93	
85.18	
85.44	
85.74	
86.05	
86.43	
86.87	
87.38	
87.96	
88.68	
89.56	
90.62	
91.91	
93.38	
94.99	
96.71	
98.49	
100.30	
102.16	
104.10	
106.13	
108.26	
109.60	
110.51	
111.14	
111.42	
111.12	
110.57	
110.08	
109.79	
109.87	
110.35	
111.21	
112.23	
113.19	
113.99	
114.47	
114.28	
113.36	
111.87	
110.15	
108.44	
107.15	
106.29	
105.77	
105.55	
105.52	
105.67	
105.80	
105.69	
105.27	
104.53	
103.63	
102.72	
101.93	
101.40	
101.16	
101.15	
101.35	
101.66	
102.00	
102.29	
102.43	
102.40	
102.18	
101.87	
101.56	
101.30	
101.18	
101.23	
101.39	
101.62	
101.94	
102.24	
102.45	
102.54	
102.49	
102.35	
102.17	
101.98	
101.81	
101.74	
101.73	
101.78	
101.85	
101.93	
101.96	
101.98	
101.98	
101.99	
102.04	
102.10	
102.32	
102.62	
102.99	
103.45	
103.96	
104.43	
104.89	
105.28	
105.61	
105.92	
106.23	
106.56	
106.93	
107.35	
107.82	
108.31	
108.83	
109.41	
110.00	
110.61	
111.25	
111.95	
112.68	
113.45	
114.30	
115.19	
116.15	
117.20	
118.33	
119.57	
120.93	
122.39	
123.91	
125.48	
127.01	
128.48	
129.84	
131.14	
132.37	
133.57	
134.79	
136.09	
137.43	
138.84	
140.23	
141.60	
142.95	
144.22	
145.43	
146.59	
147.70	
148.80	
149.91	
151.00	
152.08	
153.13	
154.12	
155.03	
155.84	
156.57	
157.23	
157.82	
158.37	
158.86	
159.31	
159.68	
159.99	
160.24	
160.39	
160.45	
160.44	
160.37	
160.25	
160.12	
160.02	
159.93	
159.84	
159.77	
159.68	
159.56	
159.42	
159.26	
159.09	
158.93	
158.77	
158.62	
158.49	
158.38	
158.24	
158.09	
157.94	
157.79	
157.63	
157.47	
157.32	
157.17	
157.03	
156.90	
156.77	
156.61	
156.49	
156.33	
156.17	
156.01	
155.85	
155.67	
155.48	
155.31	
155.13	
154.96	
154.80	
154.64	
154.50	
154.41	
154.32	
154.26	
154.20	
154.14	
154.08	
154.01	
153.94	
153.86	
153.80	
153.75	
153.71	
153.67	
153.65	
153.61	
153.56	
153.50	
153.41	
153.34	
153.26	
153.20	
153.16	
153.11	
153.07	
153.01	
152.93	
152.84	
152.74	
152.63	
152.51	
152.44	
152.41	
152.41	
152.46	
152.52	
152.57	
152.59	
152.56	
152.49	
152.37	
152.20	
151.99	
151.76	
151.54	
151.35	
151.25	
151.21	
151.23	
151.23	
151.28	
151.28	
151.21	
151.05	
150.83	
150.57	
150.27	
150.00	
149.78	
149.63	
149.54	
149.49	
149.46	
149.43	
149.43	
149.36	
149.25	
149.13	
149.01	
148.87	
148.76	
148.70	
148.67	
148.70	
148.79	
148.91	
149.08	
149.29	
149.49	
149.71	
149.90	
150.08	
150.21	
150.32	
150.41	
150.49	
150.58	
150.70	
150.83	
150.99	
151.08	
151.14	
151.19	
151.19	
151.20	
151.20	
151.24	
151.34	
151.47	
151.63	
151.82	
152.01	
152.22	
152.38	
152.53	
152.68	
152.84	
153.01	
153.20	
153.41	
153.61	
153.80	
153.95	
154.04	
154.10	
154.15	
154.20	
154.24	
154.27	
154.27	
154.28	
154.24	
154.19	
154.12	
154.04	
153.96	
153.91	
153.87	
153.88	
153.95	
154.05	
154.20	
154.39	
154.58	
154.79	
154.97	
155.14	
155.29	
155.42	
155.54	
155.67	
155.76	
155.87	
155.98	
156.07	
156.16	
156.22	
156.29	
156.35	
156.42	
156.47	
156.54	
156.61	
156.67	
156.72	
156.76	
156.80	
156.80	
156.78	
156.72	
156.66	
156.59	
156.54	
156.49	
156.47	
156.44	
156.45	
156.45	
156.45	
156.44	
156.43	
156.41	
156.42	
156.48	
156.58	
156.70	
156.85	
157.00	
157.13	
157.23	
157.27	
157.25	
157.16	
157.04	
156.89	
156.70	
156.53	
156.36	
156.21	
156.08	
155.98	
155.90	
155.83	
155.77	
155.70	
155.65	
155.61	
155.60	
155.60	
155.64	
155.68	
155.71	
155.76	
155.79	
155.84	
155.86	
155.91	
155.96	
156.04	
156.11	
156.21	
156.29	
156.38	
156.47	
156.56	
156.66	
156.75	
156.84	
156.94	
157.03	
157.11	
157.16	
157.19	
157.20	
157.20	
157.17	
157.15	
157.14	
157.13	
157.12	
157.12	
157.11	
157.09	
157.06	
157.02	
156.99	
156.98	
156.96	
156.96	
156.96	
156.96	
156.94	
156.90	
156.85	
156.77	
156.70	
156.64	
156.58	
156.53	
156.51	
156.51	
156.52	
156.55	
156.59	
156.63	
156.69	
156.74	
156.78	
156.81	
156.81	
156.82	
156.81	
156.79	
156.77	
156.76	
156.76	
156.77	
156.79	
156.83	
156.86	
156.91	
156.96	
156.99	
157.02	
157.03	
157.03	
157.01	
157.00	
157.01	
157.02	
157.04	
157.05	
157.06	
157.07	
157.05	
157.02	
156.99	
156.94	
156.87	
156.81	
156.74	
156.70	
156.65	
156.61	
156.58	
156.56	
156.52	
156.47	
156.45	
156.41	
156.39	
156.38	
156.40	
156.43	
156.46	
156.50	
156.54	
156.58	
156.61	
156.63	
156.64	
156.65	
156.66	
156.67	
156.67	
156.65	
156.64	
156.65	
156.66	
156.68	
156.73	
156.76	
156.79	
156.83	
156.87	
156.90	
156.92	
156.93	
156.94	
156.93	
156.94	
156.95	
156.96	
156.96	
156.97	
156.98	
156.99	
156.99	
156.98	
156.97	
156.94	
156.89	
156.83	
156.77	
156.71	
156.64	
156.56	
156.49	
156.41	
156.30	
156.16	
155.97	
155.70	
155.34	
154.90	
154.43	
153.90	
153.37	
152.85	
152.37	
151.91	
151.43	
150.96	
150.49	
150.02	
149.60	
149.33	
149.13	
149.02	
149.01	
149.05	
149.08	
149.15	
149.09	
149.00	
148.80	
148.53	
148.24	
147.98	
147.76	
147.53	
147.31	
147.06	
146.79	
146.43	
146.07	
145.67	
145.37	
145.08	
144.87	
144.63	
144.37	
144.03	
143.63	
143.12	
142.56	
141.93	
141.27	
140.63	
139.98	
139.33	
138.69	
138.09	
137.53	
137.01	
136.51	
135.99	
135.48	
135.17	
134.66	
134.32	
134.08	
133.93	
133.79	
133.61	
133.40	
133.13	
132.77	
132.35	
131.83	
131.27	
130.67	
130.08	
129.51	
128.97	
128.46	
127.99	
127.54	
127.14	
126.77	
126.44	
126.16	
125.95	
125.82	
125.73	
125.68	
125.64	
125.58	
125.49	
125.37	
125.21	
125.03	
124.84	
124.65	
124.45	
124.27	
124.09	
123.92	
123.72	
123.51	
123.28	
123.08	
122.91	
122.79	
122.69	
122.65	
122.67	
122.74	
122.76	
123.05	
123.51	
124.17	
125.07	
126.20	
127.52	
128.99	
130.56	
132.30	
134.03	
135.73	
137.44	
139.21	
141.06	
142.99	
144.96	
147.01	
149.03	
151.12	
153.24	
155.39	
157.43	
159.28	
160.83	
162.05	
162.94	
163.54	
163.93	
164.21	
164.33	
164.34	
164.27	
164.10	
163.96	
163.62	
163.28	
162.91	
162.49	
162.08	
161.64	
161.13	
160.62	
160.05	
159.43	
158.88	
158.37	
157.90	
157.52	
157.17	
156.88	
	
	
	
	
	
	
	
	
	
	
	
154.47	
154.39	
154.29	
154.13	
153.97	
153.75	
153.48	
153.23	
153.12	
152.95	
152.83	
152.72	
152.62	
152.48	
152.27	
152.01	
151.68	
151.23	
150.75	
150.26	
149.70	
149.06	
148.36	
147.58	
146.73	
145.83	
144.94	
144.01	
143.09	
142.18	
141.27	
140.32	
139.37	
138.40	
137.46	
136.48	
135.52	
134.57	
133.70	
132.85	
132.07	
131.38	
130.76	
130.24	
129.79	
129.37	
129.01	
128.67	
128.35	
128.04	
127.80	
127.59	
127.47	
127.41	
127.43	
127.49	
127.63	
127.78	
127.95	
128.13	
128.32	
128.51	
128.74	
129.01	
129.33	
129.68	
130.06	
130.44	
130.80	
131.15	
131.42	
131.67	
131.91	
132.17	
132.44	
132.78	
133.17	
133.63	
134.14	
134.68	
135.22	
135.76	
136.30	
136.82	
137.36	
137.95	
138.56	
139.22	
139.89	
140.59	
141.30	
141.97	
142.59	
143.15	
143.62	
144.03	
144.37	
144.73	
145.12	
145.51	
145.89	
146.20	
146.34	
146.25	
145.89	
145.31	
144.58	
143.76	
142.97	
142.26	
141.64	
141.03	
140.38	
139.60	
138.66	
137.52	
136.27	
134.92	
133.52	
132.04	
130.63	
129.25	
127.85	
126.45	
124.98	
123.44	
121.79	
120.07	
118.27	
116.43	
114.61	
112.85	
111.21	
109.67	
108.25	
106.92	
105.73	
104.54	
103.41	
102.30	
101.19	
100.14	
99.13	
98.18	
97.32	
96.60	
95.88	
95.20	
94.56	
93.95	
93.36	
92.81	
92.33	
91.92	
91.66	
91.57	
91.60	
91.75	
91.99	
92.22	
92.47	
92.67	
92.81	
92.91	
93.04	
93.23	
93.56	
94.01	
94.55	
95.15	
95.82	
96.47	
97.15	
97.90	
98.78	
99.81	
101.00	
102.36	
103.88	
105.52	
107.19	
108.86	
110.50	
112.08	
113.58	
115.02	
116.51	
118.09	
119.75	
121.47	
123.13	
124.75	
126.24	
127.64	
128.98	
130.35	
131.79	
133.28	
134.78	
136.23	
137.56	
138.75	
139.80	
140.73	
141.56	
142.39	
143.18	
143.98	
144.80	
145.59	
146.33	
147.01	
147.61	
148.14	
148.60	
149.08	
149.57	
150.12	
150.66	
151.27	
151.93	
152.50	
153.01	
153.45	
153.88	
154.25	
154.60	
154.97	
155.39	
155.78	
156.15	
156.42	
156.65	
156.79	
156.83	
156.83	
156.79	
156.63	
156.51	
156.39	
156.22	
156.00	
155.75	
155.47	
155.15	
154.71	
154.22	
153.68	
153.06	
152.38	
151.64	
150.87	
150.07	
149.19	
148.27	
147.42	
146.27	
145.07	
143.85	
142.72	
141.60	
140.42	
139.11	
137.71	
136.20	
134.51	
132.72	
130.83	
128.85	
126.79	
124.63	
122.36	
119.95	
117.36	
114.65	
111.85	
109.08	
106.43	
103.95	
101.72	
99.70	
97.85	
96.13	
94.50	
92.92	
91.38	
89.95	
88.68	
87.63	
86.83	
86.26	
85.91	
85.75	
85.75	
85.92	
86.20	
86.54	
86.91	
87.29	
87.69	
88.13	
88.62	
89.12	
89.65	
90.16	
90.66	
91.15	
91.67	
92.23	
92.84	
93.55	
94.34	
95.22	
96.18	
97.16	
98.15	
99.16	
100.15	
101.21	
102.33	
103.59	
105.02	
106.58	
108.28	
110.14	
112.03	
114.05	
116.11	
118.27	
120.65	
123.31	
126.40	
129.93	
133.79	
137.68	
141.26	
144.15	
146.50	
148.41	
150.20	
152.20	
154.54	
157.15	
159.94	
162.41	
164.40	
165.74	
166.45	
166.76	
166.97	
167.23	
167.60	
167.99	
168.39	
168.62	
168.72	
168.68	
168.51	
168.38	
168.23	
168.23	
168.28	
168.38	
168.52	
168.69	
168.84	
168.87	
168.96	
168.92	
168.92	
168.92	
168.99	
169.08	
	
	
	
	
	
	
	
	
	
	
	
	
	
	
	
	
	
	
	
	
	
	
	
	
	
	
	
	
	
	
	
	
	
	
	
	
	
	
	
	
	
	
	
	
	
	
	
	
	
	
	
	
	
	
	
	
	
	
	
	
	
	
	
	
	
	
	
	
	
	
	
	
	
	
	
	
	
	
	
	
	
	
	
	
	
	
	
	
	
	
	
	
	
	
	
	
	
	
	
	
	
	
	
	
	
	
	
	
	
	
	
	
	
	
	
	
	
	
	
	
	
	
	
	
	
	
	
	
	
	
	
	
	
	
	
	
	
	
	
	
	
	
	
	
	
	
	
	
	
	
	
	
	
	
	
	
	
	
	
	
	
	
	
	
	
	
	
	
	
	
	
	
	
	
	
	
	
	
	
	
	
	
	
	
	
	
	
	
	
	
	
	
	
	
	
	
	
	
	
	
	
	
	
	
	
	
	
	
	
	
	
	
	
	
	
	
	
	
	
	
	
	
	
	
	
	
	
	
	
	
	
	
	
	
	
	
	
	
	
	
	
	
	
	
	
	
	
	
	
	
	
	
	
	
	
	
	
	
	
	
	
	
	
	
	
	
	
	
	
	
	
	
	
	
	
	
	
	
	
	
	
	
	
	
	
	
	
	
	
	
	
	
	
	
	
	
	
	
	
	
	
	
	
	
	
	
	
	
	
	
	
	
	
	
	
	
	
	
	
	
	
	
	
	
	
	
	
	
	
	
	
	
	
	
	
	
	
	
	
	
	
	
	
	
	
	
	
	
	
	
	
	
	
	
	
	
	
	
	
	
	
	
	
	
	
	
	
	
	
	
	
	
	
	
	
	
	
	
	
	
	
	
	
	
	
	
	
	
	
	
	
	
	
	
	
	
	
	
	
	
	
	
	
	
	
	
	
	
	
	
	
	
	
	
	
	
	
	
	
	
	
	
	
	
	
	
	
	
	
	
	
	
	
	
	
	
	
	
	
